-40	17
-39	18
-38	24
-37	19
-36	15
-35	17
-34	13
-33	13
-32	13
-31	12
-30	13
-29	18
-28	20
-27	15
-26	18
-25	22
-24	15
-23	25
-22	21
-21	23
-20	13
-19	14
-18	19
-17	28
-16	18
-15	20
-14	13
-13	23
-12	25
-11	25
-10	27
-9	26
-8	18
-7	31
-6	30
-5	28
-4	41
-3	46
-2	70
-1	87
0	83
1	80
2	66
3	50
4	46
5	22
6	35
7	33
8	28
9	26
10	32
11	18
12	28
13	17
14	18
15	21
16	18
17	15
18	20
19	23
20	21
21	15
22	22
23	27
24	16
25	26
26	17
27	13
28	26
29	14
30	16
31	15
32	10
33	14
34	18
35	10
36	22
37	18
38	17
39	20
40	21
