
Chr2	185542	185722	181	185641	74.00	48.42356	9.21328	44.52893	test_peak_1
Chr2	187216	187395	180	187299	63.00	34.31894	7.00688	30.60233	test_peak_2
Chr2	188874	189045	172	188950	74.00	41.33590	7.41935	37.52879	test_peak_3
Chr2	190534	190702	169	190620	76.00	39.11480	6.71405	35.33733	test_peak_4
Chr2	192202	192381	180	192280	78.00	46.39651	8.12964	42.52518	test_peak_5
Chr2	193374	193529	156	193434	47.00	8.04610	2.45169	4.91343	test_peak_6
Chr2	193863	194046	184	193947	75.00	48.42901	9.05971	44.53434	test_peak_7
Chr2	195492	195648	157	195562	77.00	42.28418	7.29917	38.46475	test_peak_8
Chr2	293263	293426	164	293343	26.00	24.21694	10.97949	20.64460	test_peak_9
Chr2	490792	490954	163	490866	78.00	54.82896	10.33531	50.86433	test_peak_10
Chr2	491211	491750	540	491317	56.00	31.91094	7.26611	28.22606	test_peak_11
Chr2	727811	727954	144	727905	29.00	21.94822	8.78393	18.40993	test_peak_12
Chr2	1359031	1359183	153	1359113	37.00	23.86351	7.73738	20.29628	test_peak_13
Chr2	1406855	1407178	324	1407048	171.00	220.90372	38.89362	213.83694	test_peak_14
Chr2	1609372	1609530	159	1609452	40.00	31.55012	10.39792	27.87023	test_peak_15
Chr2	1726156	1726291	136	1726209	37.00	20.29258	6.34170	16.78216	test_peak_16
Chr2	2018463	2018632	170	2018557	57.00	36.30629	8.44640	32.56344	test_peak_17
Chr2	2145969	2146196	228	2146071	111.00	88.53611	13.43967	84.15750	test_peak_18
Chr2	2153566	2153803	238	2153681	117.00	89.72758	12.67271	85.33231	test_peak_19
Chr2	2469394	2469601	208	2469496	63.00	40.41644	8.70069	36.62113	test_peak_20
Chr2	2470838	2471070	233	2470956	134.00	95.79315	11.48363	91.30469	test_peak_21
Chr2	2891346	2891509	164	2891418	75.00	40.10899	7.03032	36.31774	test_peak_22
Chr2	3099270	3099401	132	3099352	28.00	18.82727	7.47229	15.34081	test_peak_23
Chr2	3578433	3578570	138	3578507	26.00	18.57788	7.83855	15.09700	test_peak_24
Chr2	3811472	3811640	169	3811534	36.00	30.86695	11.28487	27.19629	test_peak_25
Chr2	3983419	3983666	248	3983527	89.00	106.54520	27.24331	101.88897	test_peak_26
Chr2	4118772	4119058	287	4118901	133.00	87.88669	10.13419	83.51826	test_peak_27
Chr2	4164922	4165085	164	4164994	61.00	47.79077	11.59671	43.90162	test_peak_28
Chr2	4686982	4687109	128	4687063	21.00	13.91771	6.59748	10.53073	test_peak_29
Chr2	4783993	4784120	128	4784064	22.00	13.85763	6.34232	10.47235	test_peak_30
Chr2	4796061	4796190	130	4796123	28.00	13.91341	5.28315	10.52671	test_peak_31
Chr2	5294685	5294829	145	5294755	25.00	19.84903	8.79683	16.34444	test_peak_32
Chr2	5315371	5315582	212	5315489	127.00	38.98783	4.08789	35.21205	test_peak_33
Chr2	6653820	6653950	131	6653893	34.00	15.59121	5.09696	12.16654	test_peak_34
Chr2	7355321	7355472	152	7355417	54.00	39.58857	10.18495	35.80334	test_peak_35
Chr2	7366824	7366955	132	7366878	37.00	10.61127	3.37269	7.31765	test_peak_36
Chr2	7620320	7620496	177	7620420	42.00	26.47955	7.77209	22.87412	test_peak_37
Chr2	7755030	7755191	162	7755117	14.00	8.54044	5.07509	5.35662	test_peak_38
Chr2	7911399	7911598	200	7911492	32.00	25.15765	9.58045	21.57153	test_peak_39
Chr2	8800692	8800937	246	8800817	62.00	43.56601	9.87781	39.73033	test_peak_40
Chr2	9084868	9085013	146	9084938	22.00	12.23000	5.52830	8.88736	test_peak_41
Chr2	9401727	9401856	130	9401782	25.00	16.16963	6.85278	12.73311	test_peak_42
Chr2	10514921	10515087	167	10515002	55.00	42.05725	10.89188	38.24080	test_peak_43
Chr2	10728187	10728374	188	10728278	98.00	129.46741	34.28505	124.43434	test_peak_44
Chr2	11106955	11107127	173	11107044	49.00	40.84067	12.01804	37.04011	test_peak_45
Chr2	11527423	11527553	131	11527498	20.00	13.13920	6.40493	9.77102	test_peak_46
Chr2	11538227	11538418	192	11538322	62.00	58.36806	15.68098	54.35776	test_peak_47
Chr2	11944375	11944518	144	11944462	22.00	19.95109	9.77236	16.44576	test_peak_48
Chr2	12269480	12269631	152	12269536	13.00	10.65398	6.57262	7.35879	test_peak_49
Chr2	12272859	12273063	205	12272972	70.00	61.54984	14.45669	57.50311	test_peak_50
Chr2	12317634	12317764	131	12317738	40.00	13.76387	3.98478	10.38096	test_peak_51
Chr2	12683945	12684147	203	12684036	121.00	100.58449	14.63964	96.01760	test_peak_52
Chr2	13114100	13114274	175	13114205	96.00	41.76157	5.66133	37.94856	test_peak_53
Chr2	13155488	13155636	149	13155539	31.00	11.56144	4.07922	8.23523	test_peak_54
Chr2	13254058	13254189	132	13254121	26.00	12.69359	5.07968	9.33661	test_peak_55
Chr2	13255616	13255770	155	13255703	23.00	12.98870	5.70902	9.62442	test_peak_56
Chr2	13681858	13681991	134	13681917	37.00	19.16333	5.93575	15.67158	test_peak_57
Chr2	13832503	13832640	138	13832577	25.00	17.29365	7.42379	13.83569	test_peak_58
Chr2	14347418	14347568	151	14347491	41.00	25.74932	7.68623	22.15568	test_peak_59
Chr2	14653017	14653208	192	14653095	93.00	41.56830	5.81828	37.75759	test_peak_60
Chr2	14704127	14704448	322	14704227	159.00	89.64764	8.17231	85.25401	test_peak_61
Chr2	14707863	14708068	206	14707965	159.00	92.98293	8.60192	88.53681	test_peak_62
Chr2	14708549	14708786	238	14708610	40.00	8.28911	2.70125	5.12415	test_peak_63
Chr2	14956421	14956600	180	14956523	105.00	43.53044	5.41416	39.69584	test_peak_64
Chr2	15025439	15025607	169	15025529	69.00	42.64409	8.39979	38.81986	test_peak_65
Chr2	15066226	15066365	140	15066318	31.00	18.74981	6.78970	15.26557	test_peak_66
Chr2	16103615	16103750	136	16103674	25.00	15.51845	6.53209	12.09552	test_peak_67
Chr2	16631602	16631805	204	16631699	118.00	85.55633	11.56558	81.21935	test_peak_68
Chr2	17106698	17106921	224	17106808	122.00	90.02380	11.95434	85.62321	test_peak_69
Chr2	17472225	17472351	127	17472346	23.00	6.06198	2.87993	3.20123	test_peak_70
Chr2	17477355	17477538	184	17477469	23.00	12.24903	5.36064	8.90579	test_peak_71
Chr2	17479582	17479775	194	17479697	25.00	7.73382	3.31437	4.62598	test_peak_72
Chr2	17487545	17487876	332	17487833	23.00	6.58018	3.05941	3.62761	test_peak_73
Chr2	17492687	17492822	136	17492731	20.00	9.90110	4.74864	6.63548	test_peak_74
Chr2	17508920	17509079	160	17508984	26.00	7.72832	3.23992	4.62113	test_peak_75
Chr2	17513966	17514138	173	17513984	19.00	5.98314	3.13581	3.16295	test_peak_76
Chr2	17688527	17688654	128	17688611	43.00	18.43225	4.98728	14.95362	test_peak_77
Chr2	17908889	17909086	198	17908972	94.00	77.53631	13.83462	73.30428	test_peak_78
Chr2	17938896	17939104	209	17938995	67.00	40.68932	8.15980	36.89053	test_peak_79
Chr2	17960487	17960679	193	17960571	51.00	58.37619	20.22643	54.36550	test_peak_80
Chr2	17961146	17961296	151	17961219	28.00	20.71379	8.41919	17.19670	test_peak_81
Chr2	17998534	17998687	154	17998585	30.00	11.68177	4.21440	8.35205	test_peak_82
Chr2	18022931	18023148	218	18023043	116.00	101.36461	15.90596	96.78880	test_peak_83
Chr2	18036057	18036313	257	18036174	129.00	92.74670	11.53817	88.30407	test_peak_84
Chr2	18050116	18050372	257	18050227	105.00	60.07564	8.01660	56.04605	test_peak_85
Chr2	18066317	18066610	294	18066501	68.00	45.89915	9.48955	42.03432	test_peak_86
Chr2	18087093	18087330	238	18087214	133.00	94.69418	11.39857	90.22392	test_peak_87
Chr2	18107513	18107732	220	18107620	107.00	51.85717	6.48848	47.92428	test_peak_88
Chr2	18130727	18130904	178	18130829	69.00	80.71043	23.78172	76.43520	test_peak_89
Chr2	18403519	18403690	172	18403607	30.00	30.29043	13.10232	26.62782	test_peak_90
Chr2	19035111	19035237	127	19035143	6.00	9.19533	5.99497	5.97064	test_peak_91
Chr2	19511029	19511177	149	19511108	34.00	28.18742	10.53522	24.55686	test_peak_92
Chr2	20367315	20367448	134	20367412	8.00	10.91509	7.13843	7.61182	test_peak_93
Chr2	20380735	20380889	155	20380841	13.00	15.48926	9.40290	12.06746	test_peak_94
Chr2	20463246	20463489	244	20463354	58.00	25.88668	5.47409	22.29025	test_peak_95
Chr2	20609073	20609206	134	20609126	22.00	12.88058	5.84733	9.51920	test_peak_96
Chr2	20682190	20682505	316	20682312	59.00	16.33027	3.50185	12.89080	test_peak_97
Chr2	21453878	21454062	185	21453964	11.00	7.26969	4.86478	4.21340	test_peak_98
Chr2	22039299	22039563	265	22039448	193.00	115.37344	9.00905	110.58673	test_peak_99
Chr2	22380423	22380667	245	22380512	57.00	7.95102	2.23644	4.82449	test_peak_100
Chr2	22424980	22425119	140	22425046	23.00	12.24903	5.36064	8.90579	test_peak_101
Chr2	22466948	22467084	137	22466986	16.00	12.96461	7.28067	9.60083	test_peak_102
Chr2	22757842	22757985	144	22757906	27.00	17.62551	7.11849	14.16140	test_peak_103
Chr2	23340704	23340923	220	23340812	147.00	70.44638	6.57435	66.30554	test_peak_104
Chr2	23346651	23346842	192	23346766	23.00	16.33906	7.41825	12.89927	test_peak_105
Chr2	24325359	24325534	176	24325446	59.00	42.65387	10.18844	38.82935	test_peak_106
Chr2	25215492	25215624	133	25215565	19.00	18.11373	9.58503	14.64006	test_peak_107
Chr2	25510205	25510434	230	25510343	71.00	42.81444	8.16101	38.98796	test_peak_108
Chr2	25522624	25522812	189	25522712	65.00	30.36756	5.85784	26.70437	test_peak_109
Chr2	25689201	25689386	186	25689281	66.00	56.54992	13.64223	52.56347	test_peak_110
Chr2	25703663	25703906	244	25703786	86.00	87.30701	19.67294	82.94511	test_peak_111
Chr2	25817956	25818091	136	25818039	19.00	15.70677	8.13296	12.27872	test_peak_112
Chr2	25818553	25818722	170	25818649	20.00	17.16171	8.71565	13.70588	test_peak_113
Chr2	26084778	26084952	175	26084885	69.00	31.32074	5.71673	27.64291	test_peak_114
Chr2	26140621	26140807	187	26140691	111.00	80.29872	11.42828	76.03035	test_peak_115
Chr2	26380713	26380963	251	26380819	82.00	75.71928	16.36065	71.51022	test_peak_116
Chr2	26736704	26736844	141	26736801	40.00	17.14859	4.91988	13.69307	test_peak_117
Chr2	26797585	26797852	268	26797705	125.00	117.08367	18.34907	112.26975	test_peak_118
Chr2	27202534	27202721	188	27202621	88.00	90.13263	20.12519	85.72888	test_peak_119
Chr2	27312139	27312306	168	27312207	19.00	5.42644	2.91255	2.72885	test_peak_120
Chr2	27389396	27389625	230	27389510	138.00	93.13589	10.51233	88.68761	test_peak_121
Chr2	27676319	27676527	209	27676402	80.00	39.16802	6.36109	35.39005	test_peak_122
Chr2	28344772	28344973	202	28344859	99.00	80.38548	13.59484	76.11518	test_peak_123
Chr2	28955728	28955858	131	28955793	32.00	25.15765	9.58045	21.57153	test_peak_124
Chr2	29168988	29169114	127	29169042	10.00	5.17030	3.72174	2.52050	test_peak_125
Chr2	29692694	29692891	198	29692801	153.00	84.07592	7.86585	79.75611	test_peak_126
Chr2	30059195	30059329	135	30059254	47.00	11.82667	3.16244	8.49357	test_peak_127
Chr2	30085018	30085160	143	30085085	18.00	9.41067	4.83041	6.17323	test_peak_128
Chr2	30102531	30102800	270	30102660	130.00	105.03231	14.06886	100.40113	test_peak_129
Chr2	30234485	30234611	127	30234582	13.00	7.65169	4.73675	4.54932	test_peak_130
Chr2	30515487	30515613	127	30515560	18.00	12.28409	6.38767	8.94059	test_peak_131
Chr2	30983235	30983424	190	30983332	38.00	36.50838	13.59393	32.76332	test_peak_132
Chr2	31266846	31267020	175	31266925	22.00	10.41131	4.68315	7.12375	test_peak_133
Chr2	31597527	31597686	160	31597623	40.00	34.46209	11.81145	30.74310	test_peak_134
Chr2	31617511	31617638	128	31617584	16.00	8.95059	4.93539	5.74046	test_peak_135
Chr2	31946252	31946378	127	31946327	17.00	11.36568	6.09011	8.04573	test_peak_136
Chr2	32024566	32024692	127	32024631	9.00	7.51025	5.34968	4.42350	test_peak_137
Chr2	32236293	32236419	127	32236337	6.00	7.55723	5.41869	4.46685	test_peak_138
Chr2	32289423	32289612	190	32289546	5.00	6.28365	4.68967	3.39299	test_peak_139
Chr2	32293637	32293777	141	32293675	7.00	7.27995	5.37308	4.21569	test_peak_140
Chr2	32348919	32349045	127	32349006	13.00	12.56945	7.74688	9.21544	test_peak_141
Chr3	87467	87594	128	87522	7.00	8.01726	5.75055	4.88663	test_peak_142
Chr3	173994	174120	127	174007	6.00	7.04574	5.19401	4.01900	test_peak_143
Chr3	261231	261387	157	261297	13.00	7.65169	4.73675	4.54932	test_peak_144
Chr3	327462	327588	127	327535	3.00	4.67014	3.46252	2.18737	test_peak_145
Chr3	345965	346091	127	345991	7.00	7.27995	5.37308	4.21569	test_peak_146
Chr3	378533	378683	151	378607	12.00	9.91366	6.32437	6.64763	test_peak_147
Chr3	385761	385904	144	385815	15.00	13.87560	8.08978	10.48923	test_peak_148
Chr3	402566	402692	127	402588	7.00	6.50015	4.93551	3.55953	test_peak_149
Chr3	404325	404459	135	404426	8.00	8.82941	6.19297	5.62900	test_peak_150
Chr3	420645	420771	127	420739	6.00	7.31832	5.31647	4.24574	test_peak_151
Chr3	433152	433298	147	433232	8.00	9.89253	6.70892	6.62813	test_peak_152
Chr3	445149	445275	127	445193	5.00	6.17493	4.64459	3.29532	test_peak_153
Chr3	483833	483959	127	483871	6.00	7.88742	5.55212	4.76449	test_peak_154
Chr3	873387	873542	156	873476	9.00	8.87405	6.16939	5.67221	test_peak_155
Chr3	889660	889786	127	889727	8.00	9.50234	6.52764	6.25612	test_peak_156
Chr3	997246	997405	160	997327	8.00	6.02791	4.55050	3.18147	test_peak_157
Chr3	1119992	1120158	167	1120056	16.00	7.80326	4.32194	4.68602	test_peak_158
Chr3	1325543	1325712	170	1325624	16.00	7.80326	4.32194	4.68602	test_peak_159
Chr3	1354893	1355055	163	1354971	12.00	5.72730	3.77412	2.95310	test_peak_160
Chr3	1512526	1512652	127	1512582	13.00	11.38219	7.02300	8.06195	test_peak_161
Chr3	1580756	1580919	164	1580797	14.00	6.29312	3.81348	3.39607	test_peak_162
Chr3	1651166	1651390	225	1651272	100.00	81.58691	13.73078	77.30158	test_peak_163
Chr3	1658880	1659111	232	1659001	126.00	91.92895	11.78320	87.49844	test_peak_164
Chr3	1697847	1698050	204	1697944	61.00	33.45045	7.02753	29.74391	test_peak_165
Chr3	1706925	1707119	195	1707031	70.00	29.96876	5.36961	26.31178	test_peak_166
Chr3	1758791	1758917	127	1758842	9.00	7.80774	5.53349	4.68924	test_peak_167
Chr3	2380233	2380359	127	2380307	13.00	6.49108	4.06444	3.55381	test_peak_168
Chr3	2435816	2435942	127	2435866	13.00	9.11714	5.62209	5.89833	test_peak_169
Chr3	2444838	2444964	127	2444896	7.00	8.78919	6.10476	5.59028	test_peak_170
Chr3	2525364	2525490	127	2525451	10.00	11.21403	7.38799	7.90101	test_peak_171
Chr3	2743653	2743779	127	2743710	9.00	9.86020	6.71636	6.59656	test_peak_172
Chr3	2824767	2824897	131	2824861	15.00	6.16161	3.61801	3.28436	test_peak_173
Chr3	3323873	3324053	181	3323987	9.00	5.47198	4.05399	2.75288	test_peak_174
Chr3	3461464	3461629	166	3461505	9.00	6.30555	4.58774	3.40650	test_peak_175
Chr3	3600621	3600747	127	3600695	12.00	9.07079	5.79888	5.85447	test_peak_176
Chr3	3739404	3739530	127	3739476	13.00	10.97253	6.76996	7.66783	test_peak_177
Chr3	3928401	3928589	189	3928504	99.00	71.99803	11.33473	67.83767	test_peak_178
Chr3	4713982	4714298	317	4714173	152.00	165.96053	25.98052	160.27007	test_peak_179
Chr3	4758958	4759124	167	4759057	61.00	58.23705	15.97524	54.22824	test_peak_180
Chr3	4854495	4854621	127	4854516	17.00	6.74462	3.66508	3.77202	test_peak_181
Chr3	4871247	4871373	127	4871308	10.00	7.34804	5.09001	4.27274	test_peak_182
Chr3	4875928	4876152	225	4876044	13.00	7.65169	4.73675	4.54932	test_peak_183
Chr3	5195064	5195261	198	5195155	63.00	52.86711	13.03138	48.92255	test_peak_184
Chr3	5212558	5212812	255	5212708	67.00	51.61872	11.54690	47.68930	test_peak_185
Chr3	5265178	5265339	162	5265258	46.00	37.99414	11.62664	34.23162	test_peak_186
Chr3	5394640	5394846	207	5394685	38.00	9.06203	2.94950	5.84711	test_peak_187
Chr3	5456602	5456734	133	5456670	13.00	9.20420	5.67558	5.97521	test_peak_188
Chr3	5587611	5587771	161	5587682	50.00	27.93299	6.93337	24.30723	test_peak_189
Chr3	5697818	5698006	189	5697920	82.00	79.54157	17.86975	75.28165	test_peak_190
Chr3	5714372	5714515	144	5714455	20.00	8.01075	3.88880	4.88075	test_peak_191
Chr3	6106538	6106768	231	6106649	134.00	172.81354	36.23403	166.96046	test_peak_192
Chr3	6265366	6265568	203	6265477	29.00	13.79619	5.09422	10.41197	test_peak_193
Chr3	7040124	7040293	170	7040217	39.00	22.41107	6.79229	18.86474	test_peak_194
Chr3	7040456	7040605	150	7040533	64.00	27.40724	5.30839	23.78795	test_peak_195
Chr3	7144288	7144429	142	7144364	12.00	7.38762	4.75785	4.30832	test_peak_196
Chr3	7232183	7232343	161	7232259	28.00	14.00281	5.31925	10.61386	test_peak_197
Chr3	7320401	7320611	211	7320509	113.00	126.96607	25.77833	121.97822	test_peak_198
Chr3	8089196	8089351	156	8089255	49.00	35.59798	9.80780	31.86401	test_peak_199
Chr3	8096386	8096622	237	8096513	159.00	100.32390	9.61256	95.76121	test_peak_200
Chr3	8212543	8212719	177	8212627	57.00	45.68591	11.80969	41.82328	test_peak_201
Chr3	8250387	8250529	143	8250449	34.00	19.34752	6.48133	15.85169	test_peak_202
Chr3	8427543	8427702	160	8427627	56.00	20.64818	4.47632	17.13252	test_peak_203
Chr3	8427869	8428098	230	8427981	86.00	41.71168	6.34505	37.89926	test_peak_204
Chr3	8475742	8475879	138	8475825	22.00	9.43664	4.25916	6.19713	test_peak_205
Chr3	8534432	8534596	165	8534512	56.00	54.62048	16.10394	50.65812	test_peak_206
Chr3	9273832	9274055	224	9273937	52.00	42.76983	11.98466	38.94400	test_peak_207
Chr3	9441363	9441569	207	9441462	49.00	42.82036	12.92461	38.99357	test_peak_208
Chr3	9445209	9445443	235	9445318	200.00	195.93738	21.58657	189.46484	test_peak_209
Chr3	9677352	9677487	136	9677417	36.00	20.72862	6.67264	17.21128	test_peak_210
Chr3	10453731	10453919	189	10453817	82.00	78.78661	17.56451	74.53537	test_peak_211
Chr3	10912548	10912687	140	10912633	27.00	17.62551	7.11849	14.16140	test_peak_212
Chr3	11195356	11195494	139	11195447	24.00	17.95820	8.03579	14.48803	test_peak_213
Chr3	11256222	11256363	142	11256304	31.00	24.04924	9.30189	20.47932	test_peak_214
Chr3	11341298	11341525	228	11341412	96.00	46.36571	6.39075	42.49559	test_peak_215
Chr3	11348978	11349211	234	11349089	102.00	62.36016	8.76159	58.30541	test_peak_216
Chr3	11668964	11669116	153	11669042	34.00	10.65826	3.57134	7.36279	test_peak_217
Chr3	11870117	11870243	127	11870193	15.00	12.32224	7.13708	8.97837	test_peak_218
Chr3	12119319	12119484	166	12119375	57.00	12.22736	2.89029	8.88531	test_peak_219
Chr3	12171072	12171199	128	12171149	29.00	12.75865	4.70372	9.39990	test_peak_220
Chr3	12645143	12645269	127	12645212	26.00	14.34268	5.78983	10.94660	test_peak_221
Chr3	13196109	13196249	141	13196211	55.00	16.39521	3.68951	12.95411	test_peak_222
Chr3	13247479	13247625	147	13247553	30.00	19.91871	7.52985	16.41361	test_peak_223
Chr3	13455292	13455430	139	13455373	33.00	21.48624	7.57324	17.95625	test_peak_224
Chr3	13585868	13586004	137	13585960	37.00	22.12599	7.03688	18.58436	test_peak_225
Chr3	13838001	13838246	246	13838125	177.00	139.50200	13.97869	134.29343	test_peak_226
Chr3	13921459	13921750	292	13921585	128.00	94.16678	11.96877	89.70470	test_peak_227
Chr3	14683576	14683796	221	14683677	188.00	114.10062	9.19435	109.33192	test_peak_228
Chr3	14923824	14924061	238	14923950	132.00	82.82224	9.36595	78.52050	test_peak_229
Chr3	15482902	15483118	217	15483005	119.00	58.19588	6.62559	54.18853	test_peak_230
Chr3	15715169	15715338	170	15715255	77.00	54.48763	10.41601	50.52651	test_peak_231
Chr3	16085499	16085646	148	16085561	20.00	7.25026	3.56595	4.20298	test_peak_232
Chr3	16503065	16503222	158	16503115	39.00	13.11611	3.88759	9.74863	test_peak_233
Chr3	16530298	16530448	151	16530363	13.00	8.47597	5.23081	5.30015	test_peak_234
Chr3	16593311	16593541	231	16593418	113.00	49.73080	5.82277	45.82220	test_peak_235
Chr3	17106082	17106327	246	17106192	137.00	133.32941	20.09660	128.21132	test_peak_236
Chr3	18377030	18377164	135	18377102	24.00	9.85378	4.18953	6.59211	test_peak_237
Chr3	18679647	18679846	200	18679744	135.00	94.48045	11.10679	90.01301	test_peak_238
Chr3	18700848	18701040	193	18700939	54.00	31.50611	7.43712	27.82712	test_peak_239
Chr3	18838685	18838898	214	18838793	151.00	87.03745	8.39242	82.68043	test_peak_240
Chr3	19422452	19422705	254	19422547	156.00	97.30193	9.43233	92.79207	test_peak_241
Chr3	19429870	19430085	216	19429972	73.00	58.61111	12.56574	54.59761	test_peak_242
Chr3	19446684	19446864	181	19446759	88.00	70.53565	13.01832	66.39231	test_peak_243
Chr3	19518023	19518177	155	19518117	27.00	14.53544	5.70123	11.13334	test_peak_244
Chr3	19526989	19527137	149	19527095	36.00	23.77317	7.91314	20.20812	test_peak_245
Chr3	19902919	19903095	177	19902988	76.00	47.72596	8.72774	43.83787	test_peak_246
Chr3	20022620	20022773	154	20022708	93.00	23.18958	3.37043	19.63105	test_peak_247
Chr3	20328121	20328284	164	20328207	67.00	29.73635	5.55340	26.08278	test_peak_248
Chr3	20696486	20696631	146	20696564	41.00	24.97428	7.39224	21.39039	test_peak_249
Chr3	21312241	21312378	138	21312306	27.00	15.84256	6.28021	12.41148	test_peak_250
Chr3	21651300	21651503	204	21651417	106.00	66.32833	9.10184	62.23356	test_peak_251
Chr3	22211658	22211854	197	22211756	137.00	107.26341	13.41218	102.59755	test_peak_252
Chr3	22297361	22297706	346	22297580	94.00	45.93643	6.46730	42.07100	test_peak_253
Chr3	22335407	22335687	281	22335582	169.00	59.13401	4.69600	55.11412	test_peak_254
Chr3	22437894	22438036	143	22437964	34.00	23.88323	8.42520	20.31586	test_peak_255
Chr3	22863191	22863350	160	22863272	43.00	24.55804	6.89879	20.98062	test_peak_256
Chr3	23035255	23035463	209	23035360	92.00	90.65836	18.93623	86.24638	test_peak_257
Chr3	23135101	23135246	146	23135163	40.00	19.35242	5.59571	15.85652	test_peak_258
Chr3	23148044	23148211	168	23148122	66.00	28.95355	5.47173	25.31218	test_peak_259
Chr3	23177351	23177574	224	23177454	148.00	123.64661	15.20370	118.72107	test_peak_260
Chr3	23424506	23424752	247	23424622	122.00	130.19041	23.63777	125.13194	test_peak_261
Chr3	23457606	23457771	166	23457678	54.00	30.07552	7.01116	26.41633	test_peak_262
Chr3	23458651	23458813	163	23458707	97.00	43.64581	5.88769	39.80882	test_peak_263
Chr3	23459695	23459868	174	23459768	96.00	64.14821	9.89771	60.07616	test_peak_264
Chr3	23460745	23460928	184	23460825	98.00	56.75772	8.08509	52.76987	test_peak_265
Chr3	23461801	23461977	177	23461873	96.00	45.14736	6.19133	41.29259	test_peak_266
Chr4	35019	35145	127	35023	6.00	6.40022	4.87929	3.47853	test_peak_267
Chr4	89334	89487	154	89457	6.00	8.88209	5.90084	5.67925	test_peak_268
Chr4	199028	199212	185	199187	10.00	7.18964	4.98966	4.15251	test_peak_269
Chr4	219375	219542	168	219447	16.00	7.80326	4.32194	4.68602	test_peak_270
Chr4	463027	463153	127	463065	14.00	7.28404	4.35475	4.21569	test_peak_271
Chr4	505098	505235	138	505162	11.00	12.65278	8.08458	9.29731	test_peak_272
Chr4	653926	654216	291	653975	16.00	7.80326	4.32194	4.68602	test_peak_273
Chr4	997463	997590	128	997517	13.00	12.88843	7.93779	9.52686	test_peak_274
Chr4	1180358	1180504	147	1180393	14.00	7.94109	4.72713	4.81472	test_peak_275
Chr4	1262751	1262927	177	1262857	13.00	8.27982	5.11222	5.11519	test_peak_276
Chr4	1478353	1478484	132	1478385	15.00	8.10441	4.64507	4.95777	test_peak_277
Chr4	1644777	1644903	127	1644875	9.00	7.51025	5.34969	4.42350	test_peak_278
Chr4	1647570	1647744	175	1647645	14.00	7.28404	4.35475	4.21569	test_peak_279
Chr4	2556228	2556360	133	2556297	14.00	8.54044	5.07509	5.35662	test_peak_280
Chr4	2580981	2581193	213	2581090	78.00	49.73020	8.95444	45.82166	test_peak_281
Chr4	2748116	2748272	157	2748218	24.00	13.25800	5.65314	9.88817	test_peak_282
Chr4	3074053	3074253	201	3074165	69.00	75.85551	21.26920	71.64474	test_peak_283
Chr4	3075493	3075625	133	3075559	23.00	15.53397	6.98903	12.11073	test_peak_284
Chr4	3077088	3077242	155	3077159	26.00	16.64400	6.86426	13.19749	test_peak_285
Chr4	3483409	3483633	225	3483527	131.00	120.76964	17.94518	115.89320	test_peak_286
Chr4	4511089	4511265	177	4511184	17.00	8.59545	4.57617	5.40481	test_peak_287
Chr4	4522630	4522756	127	4522676	11.00	7.55817	5.04538	4.46774	test_peak_288
Chr4	5349552	5349725	174	5349630	62.00	23.15765	4.59469	19.59943	test_peak_289
Chr4	5484912	5485100	189	5485000	85.00	52.93337	8.77529	48.98804	test_peak_290
Chr4	5611195	5611439	245	5611311	90.00	99.88135	23.59855	95.32846	test_peak_291
Chr4	5649242	5649449	208	5649350	79.00	85.80208	21.76215	81.46279	test_peak_292
Chr4	5815992	5816137	146	5816062	27.00	26.36975	11.89679	22.76593	test_peak_293
Chr4	6315790	6315937	148	6315833	14.00	13.84010	8.30023	10.45518	test_peak_294
Chr4	6588653	6588797	145	6588731	29.00	24.50626	10.15019	20.92961	test_peak_295
Chr4	6821451	6821596	146	6821516	31.00	15.41907	5.43384	11.99959	test_peak_296
Chr4	7206319	7206488	170	7206406	31.00	22.57297	8.56028	19.02491	test_peak_297
Chr4	7381916	7382073	158	7382001	41.00	18.96060	5.35398	15.47226	test_peak_298
Chr4	7465202	7465382	181	7465288	20.00	21.03896	11.05080	17.51533	test_peak_299
Chr4	7466583	7466718	136	7466651	11.00	8.60065	5.70013	5.40968	test_peak_300
Chr4	7946456	7946794	339	7946687	52.00	25.61328	6.00741	22.02182	test_peak_301
Chr4	8340747	8340959	213	8340862	110.00	87.35192	13.31967	82.98905	test_peak_302
Chr4	8362707	8362833	127	8362752	20.00	12.56708	6.09665	9.21335	test_peak_303
Chr4	8845535	8845661	127	8845611	25.00	13.69081	5.67360	10.30906	test_peak_304
Chr4	8867768	8867894	127	8867837	31.00	14.24757	4.99853	10.85346	test_peak_305
Chr4	9378271	9378434	164	9378378	40.00	9.61819	2.99020	6.36781	test_peak_306
Chr4	9524514	9524693	180	9524594	41.00	16.93782	4.76059	13.48584	test_peak_307
Chr4	9540543	9540748	206	9540634	26.00	20.38401	8.80162	16.87237	test_peak_308
Chr4	10882004	10882250	247	10882124	142.00	131.08220	18.22901	126.00507	test_peak_309
Chr4	11225354	11225484	131	11225421	19.00	10.24778	5.08464	6.96902	test_peak_310
Chr4	11485476	11485602	127	11485551	18.00	9.59925	4.92717	6.34944	test_peak_311
Chr4	11487982	11488130	149	11488048	22.00	11.54307	5.20089	8.21754	test_peak_312
Chr4	11635432	11635655	224	11635546	106.00	92.39316	15.58215	87.95514	test_peak_313
Chr4	11882938	11883166	229	11883053	108.00	43.81800	5.30256	39.97909	test_peak_314
Chr4	12011999	12012198	200	12012093	17.00	16.38357	9.10100	12.94255	test_peak_315
Chr4	13090997	13091199	203	13091103	115.00	47.11798	5.38685	43.23794	test_peak_316
Chr4	13123834	13123960	127	13123885	23.00	13.05952	5.74294	9.69343	test_peak_317
Chr4	13636284	13636578	295	13636446	206.00	161.74895	14.09191	156.16238	test_peak_318
Chr4	13655631	13655822	192	13655715	56.00	50.74832	14.27581	46.82685	test_peak_319
Chr4	13663477	13663698	222	13663585	132.00	118.02056	16.95426	113.19255	test_peak_320
Chr4	13883826	13884027	202	13883921	98.00	118.34563	28.62273	113.50986	test_peak_321
Chr4	13886099	13886232	134	13886159	22.00	15.79912	7.37820	12.36928	test_peak_322
Chr4	14068968	14069277	310	14069165	189.00	172.08289	18.46605	166.26268	test_peak_323
Chr4	14235949	14236075	127	14235992	9.00	8.79293	6.12248	5.59377	test_peak_324
Chr4	14504192	14504453	262	14504348	175.00	123.73244	11.59559	118.80510	test_peak_325
Chr4	14628514	14628725	212	14628619	166.00	132.53479	14.20568	127.43517	test_peak_326
Chr4	14688617	14688781	165	14688635	10.00	6.35236	4.45938	3.43690	test_peak_327
Chr4	15129927	15130054	128	15129995	15.00	11.88747	6.87067	8.55302	test_peak_328
Chr4	15483640	15483812	173	15483729	19.00	16.24128	8.45311	12.80340	test_peak_329
Chr4	15575838	15576048	211	15575950	120.00	145.45041	30.68654	140.14331	test_peak_330
Chr4	15733520	15733841	322	15733690	189.00	180.83844	20.40521	174.70473	test_peak_331
Chr4	16344435	16344586	152	16344514	17.00	8.59545	4.57617	5.40481	test_peak_332
Chr4	16387986	16388138	153	16388079	36.00	19.70121	6.28287	16.19991	test_peak_333
Chr4	16476003	16476228	226	16476112	183.00	156.67671	16.33094	151.17561	test_peak_334
Chr4	16486071	16486266	196	16486148	84.00	29.32265	4.45273	25.67514	test_peak_335
Chr4	16796791	16796962	172	16796902	21.00	15.45342	7.44347	12.03284	test_peak_336
Chr4	16941463	16941659	197	16941562	57.00	52.51532	14.74545	48.57575	test_peak_337
Chr4	17180143	17180369	227	17180249	28.00	12.00916	4.54693	8.67132	test_peak_338
Chr4	17302074	17302229	156	17302130	13.00	10.12562	6.24495	6.85309	test_peak_339
Chr4	17328454	17328610	157	17328559	34.00	30.64445	11.84188	26.97764	test_peak_340
Chr4	17419620	17419832	213	17419744	11.00	9.18820	6.06733	5.96370	test_peak_341
Chr4	17464600	17464771	172	17464660	27.00	19.63827	8.12887	16.13882	test_peak_342
Chr4	17652051	17652355	305	17652270	21.00	24.17151	12.60682	20.59961	test_peak_343
Chr4	17722599	17723050	452	17722892	27.00	39.79887	19.51717	36.01062	test_peak_344
Chr4	18063589	18063814	226	18063696	90.00	101.15156	24.18262	96.58003	test_peak_345
Chr4	18085788	18085936	149	18085848	92.00	40.77488	5.75638	36.97467	test_peak_346
Chr4	18390056	18390234	179	18390132	98.00	68.49444	10.63219	64.37587	test_peak_347
Chr4	18467309	18467455	147	18467399	44.00	31.31032	9.25538	27.63288	test_peak_348
Chr4	18675250	18675437	188	18675332	62.00	48.59090	11.64847	44.69478	test_peak_349
Chr4	18682820	18682972	153	18682930	30.00	12.55513	4.51445	9.20252	test_peak_350
Chr4	18963023	18963149	127	18963086	23.00	12.91851	5.67549	9.55599	test_peak_351
Chr4	19046515	19046652	138	19046581	48.00	25.50054	6.46831	21.91016	test_peak_352
Chr4	19113070	19113212	143	19113164	29.00	17.46152	6.61820	14.00175	test_peak_353
Chr4	19177743	19177869	127	19177808	24.00	13.36450	5.70263	9.99247	test_peak_354
Chr4	19220685	19220913	229	19220809	47.00	28.30963	7.52595	24.67653	test_peak_355
Chr4	19224729	19225009	281	19224872	232.00	177.55931	13.59886	171.53674	test_peak_356
Chr4	19355207	19355421	215	19355311	51.00	48.25915	14.84759	44.36508	test_peak_357
Chr4	19524807	19525029	223	19524926	59.00	31.65741	6.80084	27.97497	test_peak_358
Chr4	20016010	20016188	179	20016092	11.00	4.99476	3.48380	2.40270	test_peak_359
Chr4	20152058	20152298	241	20152178	127.00	129.47217	21.73534	124.43681	test_peak_360
Chr4	20210192	20210363	172	20210282	66.00	60.33593	15.19696	56.30393	test_peak_361
Chr4	20236908	20237101	194	20237001	98.00	110.96104	25.16896	106.24007	test_peak_362
Chr4	20449322	20449484	163	20449392	57.00	28.57404	6.22896	24.93768	test_peak_363
Chr4	20765274	20765442	169	20765344	20.00	12.56708	6.09665	9.21335	test_peak_364
Chr4	20891035	20891203	169	20891122	82.00	43.58136	7.06031	39.74535	test_peak_365
Chr4	21111260	21111475	216	21111371	100.00	99.86666	19.81176	95.31387	test_peak_366
Chr4	21636930	21637163	234	21637028	42.00	41.65950	14.85954	37.84770	test_peak_367
Chr4	22162759	22162981	223	22162873	89.00	61.12937	10.20126	57.08822	test_peak_368
Chr4	22189630	22189761	132	22189689	38.00	14.87969	4.45138	11.47074	test_peak_369
Chr4	22774450	22774627	178	22774530	64.00	18.66457	3.68843	15.18252	test_peak_370
Chr4	22796009	22796189	181	22796105	75.00	64.25748	14.07375	60.18393	test_peak_371
Chr4	22928806	22929079	274	22928925	117.00	126.46191	24.02661	121.48200	test_peak_372
Chr4	22972244	22972370	127	22972286	16.00	9.93603	5.48624	6.66967	test_peak_373
Chr4	23124473	23124638	166	23124564	61.00	36.62889	7.90349	32.88189	test_peak_374
Chr4	23294353	23294505	153	23294421	25.00	18.92836	8.29103	15.44107	test_peak_375
Chr4	23514209	23514397	189	23514297	75.00	70.85538	16.65205	66.70936	test_peak_376
Chr4	25059539	25059676	138	25059572	10.00	9.30277	6.30341	6.07062	test_peak_377
Chr4	25295865	25296045	181	25295959	55.00	57.51126	17.96432	53.51225	test_peak_378
Chr4	25734553	25734780	228	25734667	69.00	31.32074	5.71673	27.64291	test_peak_379
Chr4	25764308	25764509	202	25764413	80.00	35.65252	5.70408	31.91805	test_peak_380
Chr4	25772157	25772315	159	25772270	66.00	36.49704	7.19552	32.75207	test_peak_381
Chr4	26076997	26077146	150	26077068	21.00	13.91771	6.59748	10.53073	test_peak_382
Chr4	26311231	26311415	185	26311325	122.00	98.57229	13.94172	94.03882	test_peak_383
Chr4	26488614	26488826	213	26488717	97.00	97.60887	19.95430	93.08864	test_peak_384
Chr4	27009805	27009978	174	27009892	77.00	56.81103	11.10669	52.82196	test_peak_385
Chr4	27083334	27083472	139	27083394	28.00	15.40774	5.90484	11.98876	test_peak_386
Chr4	27191337	27191496	160	27191419	51.00	49.75388	15.59404	45.84472	test_peak_387
Chr4	27270488	27270658	171	27270586	17.00	7.07058	3.81921	4.04102	test_peak_388
Chr4	27690508	27690634	127	27690563	13.00	11.98269	7.39135	8.64646	test_peak_389
Chr4	27779661	27779896	236	27779771	131.00	125.14756	19.22284	120.19234	test_peak_390
Chr4	28761723	28761918	196	28761834	68.00	35.41549	6.70609	31.68417	test_peak_391
Chr4	28775671	28775875	205	28775776	89.00	46.95891	7.06788	43.08018	test_peak_392
Chr4	29344038	29344273	236	29344164	112.00	108.57064	19.18823	103.88679	test_peak_393
Chr4	29639409	29639537	129	29639468	44.00	16.51919	4.38960	13.07587	test_peak_394
Chr4	29660101	29660250	150	29660179	37.00	25.14707	8.28096	21.56147	test_peak_395
Chr4	30102322	30102509	188	30102408	13.00	10.87491	6.70952	7.57274	test_peak_396
Chr4	30115768	30115902	135	30115828	30.00	16.29594	5.93624	12.85696	test_peak_397
Chr4	30239747	30239994	248	30239880	195.00	164.57756	16.00685	158.92456	test_peak_398
Chr4	30520375	30520513	139	30520443	27.00	15.95518	6.33152	12.52127	test_peak_399
Chr4	30656915	30657091	177	30656998	24.00	14.72854	6.35580	11.32163	test_peak_400
Chr4	30700967	30701113	147	30701063	40.00	16.20564	4.64724	12.76854	test_peak_401
Chr5	22346	22472	127	22368	10.00	8.09638	5.56172	4.95360	test_peak_402
Chr5	63226	63357	132	63269	15.00	8.10441	4.64507	4.95777	test_peak_403
Chr5	196898	197095	198	197003	20.00	8.01075	3.88880	4.88075	test_peak_404
Chr5	473656	473782	127	473737	6.00	6.06301	4.70145	3.20123	test_peak_405
Chr5	613508	613655	148	613589	20.00	12.56708	6.09665	9.21335	test_peak_406
Chr5	684436	684601	166	684510	51.00	32.20390	8.15312	28.51313	test_peak_407
Chr5	684723	684849	127	684803	16.00	11.42229	6.35170	8.10129	test_peak_408
Chr5	935776	935902	127	935854	5.00	7.98190	5.25022	4.85339	test_peak_409
Chr5	971474	971625	152	971556	13.00	9.20420	5.67558	5.97521	test_peak_410
Chr5	1174648	1174817	170	1174733	37.00	45.50257	19.21321	41.64372	test_peak_411
Chr5	1192435	1192575	141	1192483	22.00	23.07258	11.64661	19.51688	test_peak_412
Chr5	1204386	1204531	146	1204440	13.00	7.65169	4.73675	4.54932	test_peak_413
Chr5	1352040	1352207	168	1352113	31.00	33.61978	14.68077	29.91116	test_peak_414
Chr5	1470947	1471114	168	1471011	16.00	8.95059	4.93539	5.74046	test_peak_415
Chr5	1472474	1472656	183	1472566	19.00	18.98507	10.11222	15.49545	test_peak_416
Chr5	1530574	1530721	148	1530664	17.00	9.82116	5.22570	6.56091	test_peak_417
Chr5	1559116	1559265	150	1559211	10.00	8.67935	5.92401	5.48603	test_peak_418
Chr5	1756656	1756936	281	1756767	91.00	39.98610	5.69448	36.19569	test_peak_419
XL	117952	118124	173	118074	9.00	9.86020	6.71636	6.59656	test_peak_420
XL	119341	119533	193	119433	21.00	9.63830	4.47954	6.38687	test_peak_421
XL	369947	370117	171	370025	40.00	29.67793	9.54151	26.02509	test_peak_422
XL	458732	458873	142	458803	30.00	13.52218	4.86051	10.14480	test_peak_423
XL	513130	513299	170	513235	12.00	12.17321	7.69592	8.83214	test_peak_424
XL	624173	624310	138	624268	8.00	8.17746	5.84344	5.02540	test_peak_425
XL	911051	911229	179	911151	62.00	30.28104	6.12295	26.61883	test_peak_426
XL	917675	917826	152	917748	52.00	13.50021	3.28052	10.12411	test_peak_427
XL	1042474	1042629	156	1042552	47.00	32.04195	8.87502	28.35487	test_peak_428
XL	1139581	1139707	127	1139614	10.00	7.48912	5.17930	4.40322	test_peak_429
XL	1159793	1159934	142	1159883	10.00	8.09638	5.56172	4.95360	test_peak_430
XL	1564323	1564512	190	1564414	73.00	35.78195	6.29473	32.04599	test_peak_431
XL	1615323	1615467	145	1615355	26.00	8.33486	3.44184	5.16683	test_peak_432
XL	1887389	1887515	127	1887452	14.00	8.54044	5.07509	5.35662	test_peak_433
XL	1920578	1920704	127	1920637	16.00	7.80326	4.32194	4.68602	test_peak_434
XL	2053138	2053275	138	2053197	21.00	17.00879	8.33588	13.55616	test_peak_435
XL	2224257	2224398	142	2224361	18.00	14.73293	7.82510	11.32592	test_peak_436
XL	2346330	2346508	179	2346430	18.00	12.35559	6.42845	9.00862	test_peak_437
XL	2444997	2445135	139	2445089	11.00	9.93525	6.52804	6.66892	test_peak_438
XL	2464894	2465020	127	2464932	8.00	6.02791	4.55050	3.18147	test_peak_439
XL	2710991	2711134	144	2711063	14.00	13.42671	8.05127	10.05207	test_peak_440
XL	2915695	2915895	201	2915799	55.00	40.69394	10.37013	36.89475	test_peak_441
XL	2917474	2917640	167	2917562	43.00	26.17228	7.47152	22.57070	test_peak_442
XL	3564595	3564882	288	3564725	218.00	106.33210	6.88660	101.68327	test_peak_443
XL	3778588	3778714	127	3778684	22.00	6.02879	2.93194	3.18205	test_peak_444
XL	3792110	3792240	131	3792174	17.00	13.29993	7.22841	9.92937	test_peak_445
XL	3796259	3796417	159	3796358	18.00	8.33864	4.29639	5.16898	test_peak_446
XL	3799592	3799730	139	3799681	20.00	12.56708	6.09665	9.21335	test_peak_447
XL	3970060	3970202	143	3970087	82.00	7.58146	1.90653	4.48955	test_peak_448
XL	4008786	4008978	193	4008867	15.00	10.65066	6.12005	7.35562	test_peak_449
XL	4010343	4010488	146	4010406	16.00	11.93982	6.66075	8.60464	test_peak_450
XL	4016750	4016877	128	4016790	9.00	9.79434	6.68125	6.53662	test_peak_451
XL	4070094	4070278	185	4070180	11.00	7.26969	4.86478	4.21340	test_peak_452
XL	4096242	4096385	144	4096277	15.00	9.45673	5.41343	6.21355	test_peak_453
XL	4113742	4113868	127	4113750	10.00	5.17030	3.72174	2.52050	test_peak_454
XL	4159957	4160162	206	4160082	17.00	9.82116	5.22570	6.56091	test_peak_455
XL	4182290	4182490	201	4182403	15.00	11.25713	6.48638	7.94158	test_peak_456
XL	4182638	4182764	127	4182744	10.00	7.34804	5.09001	4.27274	test_peak_457
XL	4220022	4220148	127	4220043	14.00	9.21919	5.47738	5.98949	test_peak_458
XL	4313635	4313764	130	4313755	14.00	7.28404	4.35475	4.21569	test_peak_459
XL	4320626	4320752	127	4320697	8.00	8.05220	5.77361	4.91778	test_peak_460
XL	4330256	4330383	128	4330318	18.00	7.43644	3.86869	4.35332	test_peak_461
XL	4422053	4422292	240	4422179	106.00	74.81272	10.91809	70.61446	test_peak_462
XL	4423644	4423911	268	4423786	177.00	133.73643	12.98183	128.60811	test_peak_463
XL	4511370	4511506	137	4511436	39.00	16.39891	4.79988	12.95730	test_peak_464
XL	4612262	4612479	218	4612373	105.00	111.11702	22.43178	106.39506	test_peak_465
XL	4728285	4728492	208	4728386	51.00	17.28392	4.08366	13.82638	test_peak_466
XL	4774703	4774926	224	4774819	56.00	33.53725	7.74906	29.82930	test_peak_467
XL	4777217	4777437	221	4777327	58.00	35.46696	8.02095	31.73473	test_peak_468
XL	4869327	4869459	133	4869377	18.00	10.71485	5.51602	7.41601	test_peak_469
XL	5064430	5064597	168	5064508	60.00	24.39449	4.98172	20.81934	test_peak_470
XL	5232725	5232957	233	5232846	101.00	51.95544	6.94384	48.02134	test_peak_471
XL	5517173	5517305	133	5517224	38.00	13.95152	4.18844	10.56386	test_peak_472
XL	5681486	5681632	147	5681590	28.00	7.74670	3.11448	4.63721	test_peak_473
XL	5937539	5937694	156	5937603	88.00	26.83386	3.95350	23.22497	test_peak_474
XL	5974357	5974594	238	5974482	131.00	125.14756	19.22284	120.19234	test_peak_475
XL	5974785	5974942	158	5974856	29.00	17.04391	6.43315	13.59067	test_peak_476
XL	6036761	6036925	165	6036840	37.00	25.86085	8.59278	22.26539	test_peak_477
XL	6925113	6925293	181	6925194	60.00	43.75058	10.35825	39.91278	test_peak_478
XL	7174912	7175118	207	7175013	86.00	71.06853	13.64079	66.91942	test_peak_479
XL	8760806	8761010	205	8760914	79.00	57.32627	10.87587	53.32916	test_peak_480
XL	8904029	8904302	274	8904136	83.00	45.96233	7.45543	42.09637	test_peak_481
XL	9095085	9095234	150	9095152	37.00	19.22659	5.95805	15.73279	test_peak_482
XL	9120395	9120556	162	9120463	31.00	22.37236	8.46189	18.82689	test_peak_483
XL	9205580	9205719	140	9205652	31.00	20.75734	7.69154	17.23874	test_peak_484
XL	9837482	9837608	127	9837545	13.00	6.49108	4.06444	3.55381	test_peak_485
XL	10144488	10144614	127	10144540	9.00	10.00733	6.79399	6.73906	test_peak_486
XL	10210459	10210643	185	10210573	96.00	40.71370	5.50427	36.91433	test_peak_487
XL	10254258	10254459	202	10254347	110.00	132.33597	29.44888	127.23968	test_peak_488
XL	11405462	11405588	127	11405552	24.00	15.26387	6.62172	11.84746	test_peak_489
XL	11547338	11547497	160	11547436	54.00	22.80334	5.10296	19.25162	test_peak_490
XL	11639469	11639642	174	11639550	31.00	15.41907	5.43384	11.99959	test_peak_491
XL	11737533	11737754	222	11737648	111.00	75.59445	10.39149	71.38776	test_peak_492
XL	12422821	12422955	135	12422901	30.00	10.16329	3.71991	6.89001	test_peak_493
XL	12533530	12533667	138	12533613	42.00	19.76056	5.48145	16.25753	test_peak_494
XL	12634163	12634318	156	12634244	42.00	32.94187	10.47622	29.24228	test_peak_495
XL	12695521	12695674	154	12695597	17.00	11.36568	6.09011	8.04573	test_peak_496
XL	12702509	12702635	127	12702604	11.00	7.29368	4.87977	4.22493	test_peak_497
XL	12706737	12706863	127	12706790	19.00	10.24778	5.08464	6.96902	test_peak_498
XL	13023853	13024147	295	13023968	128.00	125.76466	20.22600	120.79826	test_peak_499
XL	13224516	13224731	216	13224629	152.00	132.17804	16.43157	127.08768	test_peak_500
XL	13381474	13381627	154	13381559	47.00	29.83818	8.06068	26.18303	test_peak_501
XL	13413279	13413463	185	13413366	52.00	38.91021	10.39627	35.13506	test_peak_502
XL	14162758	14163541	784	14163245	171.00	176.18379	23.45483	170.21886	test_peak_503
XL	14413798	14413947	150	14413862	35.00	31.81457	12.12826	28.13096	test_peak_504
XL	14414813	14415278	466	14415042	36.00	14.21455	4.43989	10.82073	test_peak_505
XL	14483552	14483694	143	14483636	27.00	19.63827	8.12887	16.13882	test_peak_506
XL	14566560	14566687	128	14566611	14.00	10.63947	6.33983	7.34470	test_peak_507
XL	14638199	14638369	171	14638270	35.00	28.62762	10.45140	24.99016	test_peak_508
XL	15381402	15381528	127	15381456	10.00	6.35236	4.45938	3.43690	test_peak_509
XL	15945767	15945991	225	15945878	98.00	58.45898	8.42133	54.44731	test_peak_510
XL	16034996	16035186	191	16035069	65.00	29.24273	5.61422	25.59604	test_peak_511
XL	16587718	16587952	235	16587842	162.00	103.37016	9.79280	98.76321	test_peak_512
XL	16989563	16989694	132	16989646	25.00	11.70979	4.81470	8.37896	test_peak_513
XL	17004948	17005089	142	17005005	29.00	14.30367	5.29174	10.90824	test_peak_514
XL	17078719	17078935	217	17078827	75.00	83.45193	22.37467	79.14158	test_peak_515
XL	17122560	17122764	205	17122662	68.00	30.52544	5.63506	26.85982	test_peak_516
XL	17472693	17472906	214	17472796	86.00	47.18538	7.40056	43.30439	test_peak_517
XL	17533905	17534051	147	17533964	23.00	19.17769	9.00891	15.68542	test_peak_518
XL	17615711	17615837	127	17615790	14.00	8.54044	5.07509	5.35662	test_peak_519
XL	17823140	17823314	175	17823222	108.00	82.15043	12.35485	77.85697	test_peak_520
XL	17961076	17961227	152	17961151	43.00	28.51474	8.35608	24.87941	test_peak_521
XL	17989511	17989777	267	17989655	138.00	67.92250	6.76198	63.81155	test_peak_522
XL	18430606	18430794	189	18430708	71.00	50.97351	10.48518	47.04973	test_peak_523
XL	18557418	18557563	146	18557505	27.00	19.13330	7.86929	15.64196	test_peak_524
XL	18686182	18686834	653	18686405	209.00	71.10826	4.61638	66.95903	test_peak_525
XL	18934145	18934314	170	18934240	77.00	60.37104	12.22967	56.33858	test_peak_526
XL	19035185	19035467	283	19035295	175.00	103.19715	8.77053	98.59309	test_peak_527
XL	19098019	19098169	151	19098107	41.00	15.20198	4.28561	11.78667	test_peak_528
XL	19109239	19109437	199	19109339	56.00	41.80697	10.55531	37.99332	test_peak_529
XL	19482021	19482276	256	19482163	106.00	79.86564	12.12816	75.60046	test_peak_530
XL	19688229	19688484	256	19688372	78.00	33.04147	5.37807	29.34145	test_peak_531
XL	20200194	20200406	213	20200298	89.00	78.24123	15.28266	73.99849	test_peak_532
XL	20222893	20223073	181	20222996	57.00	28.57404	6.22896	24.93768	test_peak_533
XL	20254865	20255044	180	20254951	55.00	30.98940	7.13863	27.31747	test_peak_534
XL	20705393	20705559	167	20705486	60.00	58.30484	16.37241	54.29503	test_peak_535
XL	21048354	21048570	217	21048469	80.00	40.45584	6.61507	36.66006	test_peak_536
XL	21056164	21056380	217	21056272	103.00	58.20241	7.86534	54.19387	test_peak_537
XL	21058335	21058470	136	21058410	28.00	15.40774	5.90484	11.98876	test_peak_538
XL	21146557	21147095	539	21146694	141.00	98.62966	11.15154	94.09583	test_peak_539
XL	21480556	21480682	127	21480618	28.00	14.59012	5.55986	11.18688	test_peak_540
XL	21574657	21574851	195	21574749	100.00	92.46481	17.15054	88.02547	test_peak_541
XL	21808079	21808326	248	21808201	184.00	128.75224	11.45087	123.72799	test_peak_542
XL	21904513	21904687	175	21904590	90.00	72.72559	13.25211	68.55699	test_peak_543
XL	21938629	21938835	207	21938730	38.00	29.07395	9.79813	25.43006	test_peak_544
XL	22183060	22183239	180	22183149	46.00	45.52316	15.35241	41.66404	test_peak_545
XL	22262635	22262761	127	22262648	11.00	7.33328	4.90454	4.25914	test_peak_546
XL	22262992	22263150	159	22263100	9.00	5.41219	4.01578	2.71766	test_peak_547
XL	22298406	22298625	220	22298516	65.00	40.52860	8.41339	36.73114	test_peak_548
XL	22397479	22397676	198	22397566	112.00	67.39786	8.66193	63.29169	test_peak_549
XL	22410301	22410514	214	22410414	106.00	74.81272	10.91809	70.61446	test_peak_550
XL	22411004	22411187	184	22411099	77.00	57.63298	11.35895	53.63277	test_peak_551
XL	22541751	22541900	150	22541837	30.00	11.68177	4.21440	8.35205	test_peak_552
XL	22578927	22579056	130	22578954	39.00	8.65451	2.81683	5.46182	test_peak_553
XR	100064	100203	140	100097	15.00	7.03535	4.06771	4.01534	test_peak_554
XR	320234	320421	188	320317	73.00	82.62684	22.87295	78.32828	test_peak_555
XR	648198	648405	208	648291	129.00	97.97607	12.63467	93.45151	test_peak_556
XR	730279	730437	159	730366	38.00	28.68721	9.61809	25.04868	test_peak_557
XR	860550	860734	185	860639	57.00	48.84095	13.11529	44.94069	test_peak_558
XR	935236	935384	149	935325	11.00	7.26969	4.86478	4.21340	test_peak_559
XR	1216095	1216344	250	1216188	105.00	91.13195	15.43652	86.71291	test_peak_560
XR	1220967	1221225	259	1221075	110.00	97.47800	16.16466	92.96294	test_peak_561
XR	1225870	1226181	312	1225962	120.00	78.58479	9.88178	74.33714	test_peak_562
XR	1551497	1551738	242	1551615	109.00	104.49015	18.67881	99.86642	test_peak_563
XR	1745485	1745684	200	1745574	71.00	20.98553	3.77173	17.46334	test_peak_564
XR	1845451	1845606	156	1845498	14.00	6.29312	3.81348	3.39607	test_peak_565
XR	1911031	1911339	309	1911177	232.00	113.08235	6.90238	108.32793	test_peak_566
XR	2134942	2135121	180	2135034	45.00	35.51857	10.79873	31.78572	test_peak_567
XR	2204524	2204731	208	2204628	39.00	20.96181	6.27163	17.44009	test_peak_568
XR	2448062	2448199	138	2448127	29.00	17.12215	6.46759	13.66744	test_peak_569
XR	2763190	2763340	151	2763255	41.00	26.32916	7.91096	22.72565	test_peak_570
XR	3442162	3442348	187	3442276	84.00	85.03145	19.44403	80.69953	test_peak_571
XR	3783930	3784059	130	3784007	19.00	14.50211	7.42095	11.10171	test_peak_572
XR	3784536	3784695	160	3784631	29.00	12.75865	4.70372	9.39990	test_peak_573
XR	3955429	3955558	130	3955484	48.00	18.41427	4.54628	14.93629	test_peak_574
XR	4114962	4115120	159	4115042	68.00	35.41549	6.70609	31.68417	test_peak_575
XR	4119384	4119533	150	4119455	41.00	21.71202	6.23407	18.17848	test_peak_576
XR	4160777	4160903	127	4160829	15.00	9.73658	5.57700	6.48120	test_peak_577
XR	4161251	4161387	137	4161297	20.00	12.56708	6.09665	9.21335	test_peak_578
XR	4336581	4336709	129	4336586	9.00	5.47198	4.05399	2.75288	test_peak_579
XR	4689769	4689976	208	4689855	106.00	121.69279	26.46915	116.79984	test_peak_580
XR	4712649	4712840	192	4712747	48.00	41.13054	12.45737	37.32564	test_peak_581
XR	4991377	4991568	192	4991463	90.00	43.82334	6.40828	39.98431	test_peak_582
XR	5036290	5036433	144	5036342	37.00	26.25384	8.76734	22.65123	test_peak_583
XR	5376047	5376202	156	5376135	32.00	20.74648	7.46215	17.22813	test_peak_584
XR	5424476	5424602	127	5424552	11.00	11.17063	7.26413	7.86016	test_peak_585
XR	5459785	5459952	168	5459897	12.00	8.22112	5.27018	5.06077	test_peak_586
XR	5664641	5664904	264	5664762	83.00	124.58011	40.61976	119.63672	test_peak_587
XR	5948006	5948156	151	5948078	53.00	33.34451	8.18110	29.63943	test_peak_588
XR	6333048	6333174	127	6333114	19.00	9.10948	4.52251	5.89182	test_peak_589
XR	7121766	7121945	180	7121865	57.00	29.89294	6.57414	26.23673	test_peak_590
XR	7438252	7438387	136	7438368	24.00	6.10167	2.83368	3.23447	test_peak_591
XR	7443763	7443942	180	7443841	26.00	10.55417	4.23335	7.26207	test_peak_592
XR	7830085	7830289	205	7830195	49.00	56.79020	20.26993	52.80147	test_peak_593
XR	7865863	7866085	223	7865974	70.00	60.77035	14.15114	56.73372	test_peak_594
XR	7938879	7939125	247	7939002	108.00	100.21724	17.53648	95.65890	test_peak_595
XR	8371413	8371754	342	8371639	47.00	36.90142	10.85403	33.15149	test_peak_596
XR	8512440	8512699	260	8512579	53.00	49.88979	14.91620	45.97834	test_peak_597
XR	8538015	8538166	152	8538099	31.00	24.02631	9.29014	20.45698	test_peak_598
XR	8548434	8548614	181	8548534	52.00	37.40137	9.81459	33.64637	test_peak_599
XR	8566347	8566603	257	8566484	70.00	43.63072	8.51979	39.79390	test_peak_600
XR	8868462	8868608	147	8868555	44.00	27.13741	7.64133	23.52209	test_peak_601
XR	8944073	8944199	127	8944143	12.00	8.22112	5.27018	5.06077	test_peak_602
XR	9002296	9002471	176	9002392	44.00	41.72528	14.12611	37.91266	test_peak_603
XR	9114390	9114573	184	9114562	13.00	6.49108	4.06444	3.55381	test_peak_604
XR	9208446	9208576	131	9208509	24.00	13.95755	5.98223	10.56972	test_peak_605
XR	9422575	9422765	191	9422673	30.00	31.32880	13.71414	27.65091	test_peak_606
XR	9513778	9513925	148	9513855	41.00	23.22999	6.75718	19.67100	test_peak_607
XR	9784739	9784873	135	9784798	46.00	22.47096	5.81803	18.92414	test_peak_608
XR	10164526	10164805	280	10164673	133.00	90.05174	10.52329	85.65055	test_peak_609
XR	10478665	10478854	190	10478756	45.00	37.48740	11.69467	33.73014	test_peak_610
XR	10942900	10943059	160	10942970	42.00	24.54497	7.05909	20.96806	test_peak_611
XR	11180994	11181201	208	11181092	122.00	119.71534	19.98855	114.85558	test_peak_612
XR	11392319	11392445	127	11392387	10.00	6.85026	4.77451	3.85663	test_peak_613
XR	11962886	11963118	233	11962998	50.00	47.63298	14.90559	43.74678	test_peak_614
XR	11978382	11978508	127	11978421	5.00	8.23435	5.31268	5.07241	test_peak_615
XR	12445487	12445619	133	12445565	35.00	13.50890	4.31989	10.13247	test_peak_616
XR	12756537	12756696	160	12756620	33.00	20.37983	7.09259	16.86839	test_peak_617
XR	12878858	12879084	227	12878961	28.00	20.53024	8.32466	17.01647	test_peak_618
XR	12961151	12961415	265	12961274	190.00	148.85616	13.92994	143.49451	test_peak_619
XR	12984028	12984247	220	12984135	150.00	82.86585	7.91015	78.56342	test_peak_620
XR	13037948	13038086	139	13038057	68.00	11.06171	2.47404	7.75464	test_peak_621
XR	13043941	13044085	145	13044008	30.00	22.25443	8.66706	18.71033	test_peak_622
XR	13693028	13693186	159	13693112	14.00	10.21683	6.08098	6.94004	test_peak_623
XR	13791660	13791805	146	13791722	28.00	16.88516	6.55765	13.43443	test_peak_624
XR	13915060	13915205	146	13915136	34.00	24.15928	8.55304	20.58774	test_peak_625
XR	13917443	13917579	137	13917483	43.00	9.30611	2.80844	6.07383	test_peak_626
XR	14124443	14124576	134	14124549	24.00	18.69096	8.44006	15.20826	test_peak_627
XR	14526811	14527064	254	14526918	137.00	74.02031	7.61943	69.83521	test_peak_628
XR	14553142	14553357	216	14553243	88.00	52.28189	8.25752	48.34472	test_peak_629
XR	14613575	14613782	208	14613675	106.00	56.38235	7.28423	52.39828	test_peak_630
XR	14644085	14644318	234	14644161	65.00	31.55743	6.12355	27.87687	test_peak_631
XR	14769969	14770139	171	14770055	61.00	27.17038	5.50282	23.55425	test_peak_632
XR	15438754	15438880	127	15438806	22.00	14.58409	6.72213	11.18117	test_peak_633
XR	15518833	15518988	156	15518904	31.00	20.65898	7.64590	17.14271	test_peak_634
XR	15782042	15782168	127	15782133	16.00	8.84931	4.87997	5.64845	test_peak_635
XR	15796434	15796599	166	15796553	16.00	6.55976	3.69464	3.61357	test_peak_636
XR	15797397	15797526	130	15797488	17.00	7.53375	4.04291	4.44477	test_peak_637
XR	16208720	16208852	133	16208777	20.00	14.39943	7.10454	11.00213	test_peak_638
XR	16285019	16285159	141	16285100	22.00	18.05213	8.65371	14.57992	test_peak_639
XR	16429641	16429816	176	16429725	50.00	47.43357	14.80616	43.54980	test_peak_640
XR	16644241	16644395	155	16644332	33.00	21.74501	7.68827	18.21084	test_peak_641
XR	16733445	16733617	173	16733545	28.00	20.71379	8.41919	17.19670	test_peak_642
XR	16846899	16847025	127	16846943	18.00	11.63784	6.02306	8.30934	test_peak_643
XR	16882559	16882716	158	16882636	39.00	13.84957	4.08153	10.46437	test_peak_644
XR	16941701	16941934	234	16941795	148.00	106.29559	11.70127	101.64713	test_peak_645
XR	17447692	17447998	307	17447916	17.00	16.38357	9.10100	12.94255	test_peak_646
XR	17504275	17504401	127	17504324	10.00	7.71069	5.31925	4.60435	test_peak_647
XR	17736895	17737024	130	17736986	17.00	11.36568	6.09011	8.04573	test_peak_648
XR	17886304	17886462	159	17886383	48.00	43.25728	13.46578	39.42604	test_peak_649
XR	18162129	18162284	156	18162204	38.00	26.15761	8.48740	22.55667	test_peak_650
XR	18176380	18176532	153	18176464	69.00	29.20342	5.29398	25.55715	test_peak_651
XR	18193950	18194126	177	18194030	59.00	53.97464	14.72940	50.01788	test_peak_652
XR	18209288	18209622	335	18209427	199.00	189.80029	20.40765	183.41991	test_peak_653
XR	18271346	18271476	131	18271447	15.00	11.68150	6.74478	8.35205	test_peak_654
XR	18301132	18301289	158	18301200	31.00	26.92196	10.82687	23.31024	test_peak_655
XR	18612140	18612266	127	18612234	16.00	10.39896	5.75177	7.11222	test_peak_656
XR	18648970	18649132	163	18649074	31.00	36.14370	16.17955	32.40436	test_peak_657
XR	18720468	18720682	215	18720559	81.00	57.11353	10.45300	53.11853	test_peak_658
XR	19419161	19419348	188	19419256	94.00	71.59629	12.11018	67.44044	test_peak_659
XR	19435034	19435208	175	19435099	50.00	45.57607	13.89685	41.71542	test_peak_660
XR	19589690	19589905	216	19589793	99.00	83.65159	14.56276	79.33846	test_peak_661
XR	20123912	20124074	163	20124011	23.00	15.34402	6.88937	11.92590	test_peak_662
XR	20383450	20383699	250	20383581	82.00	43.58136	7.06031	39.74535	test_peak_663
XR	20844720	20845011	292	20844902	131.00	120.76964	17.94518	115.89320	test_peak_664
XR	20848685	20848931	247	20848817	121.00	121.01508	20.71650	116.13442	test_peak_665
XR	20851998	20852223	226	20852113	142.00	123.21091	16.20866	118.29115	test_peak_666
XR	21273810	21274021	212	21273910	149.00	107.40248	11.77980	102.73526	test_peak_667
XR	21411649	21411898	250	21411764	80.00	78.95103	18.31618	74.69788	test_peak_668
XR	21524548	21524766	219	21524664	94.00	132.84175	38.51287	127.73334	test_peak_669
XR	21792699	21792920	222	21792812	162.00	114.34277	11.47857	109.56826	test_peak_670
XR	22056577	22056730	154	22056654	32.00	21.95764	8.01564	18.41884	test_peak_671
XR	22085408	22085617	210	22085513	91.00	50.23500	7.51342	46.31898	test_peak_672
XR	22216665	22216847	183	22216749	44.00	43.80057	15.22528	39.96170	test_peak_673
XR	22865754	22865911	158	22865842	39.00	30.45849	10.16928	26.79343	test_peak_674
XR	23180473	23180603	131	23180541	26.00	15.54317	6.33839	12.11955	test_peak_675
XR	23327387	23327572	186	23327470	48.00	38.05795	11.08016	34.29429	test_peak_676
XR	23379423	23379602	180	23379509	37.00	36.15877	13.78227	32.41924	test_peak_677
XR	23472162	23472295	134	23472223	21.00	13.52362	6.38697	10.14545	test_peak_678
XR	23523532	23523681	150	23523583	18.00	14.52860	7.70257	11.12706	test_peak_679
XR	23945787	23945913	127	23945901	4.00	6.56669	4.42723	3.61722	test_peak_680
XR	25411849	25412047	199	25411950	41.00	45.71992	17.56712	41.85688	test_peak_681
XR	25652258	25652692	435	25652377	112.00	66.75816	8.54600	62.65850	test_peak_682
XR	26042221	26042389	169	26042300	33.00	33.43289	13.78355	29.72671	test_peak_683
XR	26293544	26293670	127	26293629	18.00	11.47014	5.92968	8.14757	test_peak_684
XR	26529530	26529735	206	26529633	115.00	153.94264	37.36063	148.50060	test_peak_685
XR	26634295	26634426	132	26634345	31.00	11.56144	4.07922	8.23523	test_peak_686
XR	26677982	26678185	204	26678071	29.00	16.29461	6.10846	12.85568	test_peak_687
XR	26693209	26693477	269	26693329	157.00	151.23593	20.14115	145.83794	test_peak_688
XR	26726570	26726834	265	26726720	148.00	93.12067	9.51039	88.67307	test_peak_689
XR	26892232	26892380	149	26892311	60.00	27.47235	5.65965	23.85209	test_peak_690
XR	27161282	27161436	155	27161361	20.00	8.88424	4.27592	5.68042	test_peak_691
XR	27194740	27194899	160	27194814	29.00	12.75865	4.70372	9.39990	test_peak_692
XR	27845708	27845881	174	27845820	40.00	21.84552	6.42842	18.30902	test_peak_693
XR	27945792	27945927	136	27945844	24.00	17.66931	7.87855	14.20463	test_peak_694
XR	28124989	28125124	136	28125069	22.00	10.68121	4.80415	7.38531	test_peak_695
XR	28467906	28468032	127	28468002	17.00	9.82116	5.22570	6.56091	test_peak_696
XR	28729469	28729612	144	28729522	20.00	15.78414	7.90121	12.35471	test_peak_697
XR	28765208	28765358	151	28765288	35.00	21.89580	7.32942	18.35859	test_peak_698
XR	29408232	29408437	206	29408322	78.00	27.63457	4.48286	24.01281	test_peak_699
XR	29714386	29714530	145	29714436	20.00	20.31799	10.61783	16.80694	test_peak_700
XR	29822989	29823152	164	29823050	15.00	13.87560	8.08978	10.48923	test_peak_701
XR	30494176	30494339	164	30494253	33.00	31.91725	12.91311	28.23219	test_peak_702
XR	30608441	30608590	150	30608553	13.00	9.20420	5.67558	5.97521	test_peak_703
XR	30715990	30716116	127	30716032	10.00	6.35236	4.45938	3.43690	test_peak_704
XR	30838392	30838603	212	30838504	108.00	68.33677	9.27197	64.21973	test_peak_705
XR	30850287	30850510	224	30850391	75.00	40.20392	7.05137	36.41198	test_peak_706
XR	30855104	30855258	155	30855145	14.00	8.54044	5.07509	5.35662	test_peak_707
XR	30909005	30909134	130	30909094	19.00	11.63050	5.80634	8.30219	test_peak_708
XR	31008884	31009014	131	31008935	14.00	12.75726	7.64368	9.39891	test_peak_709
XR	31055202	31055397	196	31055282	19.00	9.10948	4.52251	5.89182	test_peak_710
XR	31106096	31106257	162	31106146	47.00	12.90344	3.38019	9.54165	test_peak_711
XR	31118788	31118935	148	31118835	9.00	7.04180	5.05611	4.01534	test_peak_712
XR	31291356	31291487	132	31291398	11.00	7.26969	4.86478	4.21340	test_peak_713
XR	31421894	31422050	157	31421971	16.00	10.39896	5.75177	7.11222	test_peak_714
XR	31806237	31806418	182	31806321	47.00	21.53549	5.44067	18.00409	test_peak_715
XR	32202669	32202868	200	32202748	13.00	11.47239	7.07855	8.14856	test_peak_716
XR	32222453	32222612	160	32222573	13.00	7.65169	4.73675	4.54932	test_peak_717
XR	32251710	32251838	129	32251743	17.00	9.82116	5.22570	6.56091	test_peak_718
XR	32285000	32285177	178	32285117	46.00	33.23576	9.56992	29.53260	test_peak_719
XR	32472506	32472668	163	32472550	17.00	11.36568	6.09011	8.04573	test_peak_720
XR	32543590	32543739	150	32543613	13.00	6.49108	4.06444	3.55381	test_peak_721
XR	32627364	32627566	203	32627385	16.00	4.82285	2.88672	2.30547	test_peak_722
XR	32805807	32805933	127	32805887	14.00	10.21683	6.08098	6.94004	test_peak_723
XR	32866462	32866624	163	32866515	48.00	22.33397	5.55402	18.78867	test_peak_724
XR	33116574	33116700	127	33116615	10.00	8.19459	5.62316	5.04114	test_peak_725
XR	33381868	33382002	135	33381987	7.00	6.02254	4.65048	3.18147	test_peak_726
XR	33516025	33516156	132	33516070	23.00	12.39178	5.42702	9.04317	test_peak_727
XR	33575695	33575827	133	33575801	16.00	6.07564	3.46146	3.21060	test_peak_728
XR	33651341	33651515	175	33651430	11.00	10.67868	6.97572	7.38289	test_peak_729
XR	33689954	33690089	136	33690038	17.00	7.58962	4.07026	4.49562	test_peak_730
XR	33819624	33819760	137	33819710	10.00	8.61552	5.88465	5.42402	test_peak_731
XR	33899929	33900105	177	33900045	9.00	6.51607	4.72226	3.57363	test_peak_732
XR	33901955	33902226	272	33902054	19.00	13.36754	6.76679	9.99463	test_peak_733
XR	33983380	33983565	186	33983444	7.00	7.27995	5.37308	4.21569	test_peak_734
XR	34268120	34268249	130	34268167	18.00	11.16684	5.76220	7.85668	test_peak_735
XR	34352555	34352692	138	34352587	8.00	6.82386	5.04954	3.83708	test_peak_736
XR	34401415	34401546	132	34401455	18.00	9.41067	4.83041	6.17323	test_peak_737
XR	34611181	34611337	157	34611243	17.00	9.38236	4.98918	6.14658	test_peak_738
XR	34614982	34615121	140	34615010	11.00	8.99293	5.94564	5.78135	test_peak_739
XR	34646879	34647080	202	34646992	42.00	18.67877	5.15987	15.19638	test_peak_740
XR	34787180	34787354	175	34787285	17.00	9.82116	5.22570	6.56091	test_peak_741
XR	34810748	34810905	158	34810805	14.00	9.01569	5.35594	5.80230	test_peak_742
XR	34821951	34822077	127	34821992	12.00	9.07079	5.79888	5.85447	test_peak_743
XR	35093451	35093676	226	35093550	7.00	6.99083	5.21519	3.98352	test_peak_744
XR	35126075	35126245	171	35126192	9.00	8.87405	6.16939	5.67221	test_peak_745
XR	35243345	35243477	133	35243444	16.00	10.39896	5.75177	7.11222	test_peak_746
XR	35259258	35259384	127	35259380	12.00	6.79231	4.39841	3.80864	test_peak_747
XR	35328406	35328536	131	35328462	6.00	6.16427	4.75579	3.28621	test_peak_748
XR	35328878	35329004	127	35328900	7.00	7.18703	5.32292	4.15022	test_peak_749
XR	35383177	35383356	180	35383316	12.00	7.73866	4.97254	4.62941	test_peak_750
XR	35403044	35403241	198	35403138	9.00	9.17214	6.33937	5.95087	test_peak_751
XR	35410400	35410614	215	35410551	9.00	7.04180	5.05611	4.01534	test_peak_752
XR	35433309	35433549	241	35433453	8.00	6.02791	4.55050	3.18147	test_peak_753
XR	35436252	35436378	127	35436326	9.00	8.63563	6.03078	5.44371	test_peak_754
XR	35448875	35449001	127	35448902	7.00	6.91572	5.17331	3.91536	test_peak_755
XR	35555048	35555174	127	35555103	6.00	5.84512	4.58184	3.05390	test_peak_756
XR	35946769	35946896	128	35946828	17.00	11.36568	6.09011	8.04573	test_peak_757
XR	36028307	36028479	173	36028385	15.00	9.45673	5.41343	6.21355	test_peak_758
XR	36030408	36030596	189	36030475	11.00	8.04771	5.35281	4.91446	test_peak_759
XR	36071101	36071257	157	36071170	13.00	7.65169	4.73675	4.54932	test_peak_760
XR	36134009	36134135	127	36134090	15.00	7.03535	4.06771	4.01534	test_peak_761
XR	36139662	36139808	147	36139726	19.00	6.61157	3.39615	3.65514	test_peak_762
XR	36142033	36142203	171	36142110	27.00	14.53544	5.70123	11.13334	test_peak_763
XR	36182714	36182840	127	36182745	14.00	6.29312	3.81348	3.39607	test_peak_764
XR	36219509	36219635	127	36219579	10.00	6.35236	4.45938	3.43690	test_peak_765
XR	36503204	36503330	127	36503258	9.00	7.59702	5.40353	4.50261	test_peak_766
XR	36686668	36686844	177	36686768	13.00	7.65169	4.73675	4.54932	test_peak_767
XR	36747645	36747829	185	36747727	12.00	9.33550	5.96406	6.10156	test_peak_768
XR	36815398	36815524	127	36815450	10.00	8.09638	5.56172	4.95360	test_peak_769
XR	36839681	36839859	179	36839780	13.00	13.32786	8.19752	9.95628	test_peak_770
XR	36916942	36917068	127	36916949	18.00	6.66386	3.51844	3.70215	test_peak_771
XR	37002062	37002188	127	37002068	7.00	5.63567	4.41163	2.88427	test_peak_772
XR	37027001	37027133	133	37027028	20.00	12.56708	6.09665	9.21335	test_peak_773
XR	37473136	37473359	224	37473261	13.00	7.65169	4.73675	4.54932	test_peak_774
XR	37512058	37512261	204	37512136	18.00	14.52860	7.70257	11.12706	test_peak_775
XR	37514922	37515070	149	37514959	15.00	11.25713	6.48638	7.94158	test_peak_776
XR	37545623	37545749	127	37545684	8.00	5.52119	4.22525	2.79294	test_peak_777
XR	37546730	37546924	195	37546782	14.00	10.21683	6.08098	6.94004	test_peak_778
XR	37549932	37550118	187	37550015	16.00	16.97008	9.70709	13.51779	test_peak_779
XR	37600890	37601016	127	37600962	18.00	10.42159	5.35858	7.13317	test_peak_780
XR	37730102	37730320	219	37730293	15.00	7.03535	4.06771	4.01534	test_peak_781
XR	37771014	37771193	180	37771092	18.00	9.41067	4.83041	6.17323	test_peak_782
XR	37864906	37865045	140	37864951	9.00	7.62640	5.42172	4.53019	test_peak_783
XR	37888325	37888471	147	37888376	8.00	10.48756	6.96688	7.19719	test_peak_784
XR	38000138	38000265	128	38000199	21.00	7.90862	3.73576	4.78410	test_peak_785
XR	38393785	38393956	172	38393881	16.00	15.11725	8.59539	11.70328	test_peak_786
XR	38426364	38426490	127	38426462	13.00	6.96571	4.33564	3.96224	test_peak_787
XR	38440385	38440541	157	38440435	10.00	8.09638	5.56172	4.95360	test_peak_788
XR	38464708	38464834	127	38464766	18.00	9.41067	4.83041	6.17323	test_peak_789
XR	38515886	38516099	214	38515989	61.00	32.02654	6.65854	28.33975	test_peak_790
XR	38523481	38523705	225	38523594	82.00	55.92035	9.95975	51.94176	test_peak_791
XR	38718178	38718313	136	38718249	18.00	12.35559	6.42845	9.00862	test_peak_792
XR	39075866	39075992	127	39075940	10.00	5.95229	4.20754	3.14661	test_peak_793
XR	39118607	39118733	127	39118693	8.00	7.00011	5.15733	3.99068	test_peak_794
XR	39516949	39517083	135	39517025	15.00	8.10441	4.64507	4.95777	test_peak_795
XR	39558129	39558310	182	39558266	13.00	8.68045	5.35505	5.48694	test_peak_796
XR	39693202	39693340	139	39693257	15.00	8.10441	4.64507	4.95777	test_peak_797
XR	40099068	40099215	148	40099136	26.00	15.84424	6.48007	12.41301	test_peak_798
XR	40118100	40118226	127	40118181	6.00	6.08999	4.71601	3.22357	test_peak_799
XR	40122591	40122724	134	40122661	11.00	9.42331	6.21324	6.18509	test_peak_800
XR	40152216	40152382	167	40152319	16.00	10.39896	5.75177	7.11222	test_peak_801
XR	40174057	40174253	197	40174131	9.00	9.35331	6.44078	6.11881	test_peak_802
XR	40278042	40278223	182	40278125	11.00	9.18820	6.06733	5.96370	test_peak_803
XR	40296643	40296783	141	40296703	15.00	9.45673	5.41343	6.21355	test_peak_804
XR	40329306	40329454	149	40329350	13.00	7.65169	4.73675	4.54932	test_peak_805
XR	40422051	40422419	369	40422371	11.00	5.75826	3.93573	2.97859	test_peak_806
XR	40550196	40550366	171	40550300	15.00	13.87560	8.08978	10.48923	test_peak_807
XR	40743362	40743555	194	40743432	8.00	6.02791	4.55050	3.18147	test_peak_808
XR	40776793	40776938	146	40776863	25.00	15.67815	6.61003	12.25027	test_peak_809
XR	40929506	40929645	140	40929594	12.00	6.79231	4.39841	3.80864	test_peak_810
XR	41138743	41138869	127	41138854	13.00	7.65169	4.73675	4.54932	test_peak_811
XR	41369395	41369605	211	41369491	18.00	14.52860	7.70257	11.12706	test_peak_812
XR	41399741	41399893	153	41399858	9.00	6.74001	4.86490	3.76901	test_peak_813
XR	41733955	41734167	213	41734059	56.00	30.41121	6.83983	26.74714	test_peak_814
XR	41744323	41744449	127	41744377	14.00	7.28404	4.35475	4.21569	test_peak_815
XR	41765399	41765528	130	41765440	22.00	19.19626	9.32417	15.70347	test_peak_816
XR	41874090	41874251	162	41874183	88.00	6.95661	1.80157	3.95335	test_peak_817
XR	41985982	41986109	128	41986021	14.00	10.21683	6.08098	6.94004	test_peak_818
XR	42166791	42166969	179	42166871	9.00	7.65602	5.44003	4.55343	test_peak_819
XR	42237050	42237199	150	42237134	14.00	8.54044	5.07509	5.35662	test_peak_820
XR	42437858	42437984	127	42437931	10.00	9.69384	6.53596	6.43967	test_peak_821
XR	42449852	42449978	127	42449882	10.00	9.41634	6.37142	6.17865	test_peak_822
XR	42524504	42524643	140	42524575	16.00	8.95059	4.93539	5.74046	test_peak_823
XR	42683138	42683265	128	42683174	19.00	13.36754	6.76679	9.99463	test_peak_824
XR	42722681	42722807	127	42722775	10.00	6.28578	4.41736	3.39318	test_peak_825
XR	42919829	42919956	128	42919863	20.00	12.56708	6.09665	9.21335	test_peak_826
XR	42928684	42928815	132	42928766	17.00	11.36568	6.09011	8.04573	test_peak_827
XR	43025702	43025837	136	43025755	11.00	8.49472	5.63367	5.31574	test_peak_828
XR	43152031	43152181	151	43152103	15.00	12.89653	7.48973	9.53489	test_peak_829
XR	43196283	43196409	127	43196285	15.00	6.16161	3.61801	3.28436	test_peak_830
XR	43498425	43498553	129	43498520	15.00	7.03535	4.06771	4.01534	test_peak_831
XR	43500609	43500737	129	43500683	16.00	13.19123	7.41877	9.82220	test_peak_832
XR	43710429	43710568	140	43710535	12.00	10.23103	6.52136	6.95337	test_peak_833
XR	43717475	43717668	194	43717570	8.00	8.05220	5.77361	4.91778	test_peak_834
XR	43972886	43973017	132	43972974	12.00	8.58243	5.49452	5.39426	test_peak_835
XR	43993772	43993898	127	43993813	5.00	8.23435	5.31268	5.07241	test_peak_836
XR	44014297	44014438	142	44014343	10.00	9.41634	6.37142	6.17865	test_peak_837
XR	44072657	44072803	147	44072723	15.00	13.87560	8.08978	10.48923	test_peak_838
XR	44215506	44215648	143	44215536	36.00	22.87477	7.53377	19.32210	test_peak_839
XR	44449110	44449244	135	44449182	10.00	7.76166	5.35139	4.65022	test_peak_840
XR	44534492	44534621	130	44534560	9.00	9.69198	6.62628	6.43821	test_peak_841
XR	44688772	44688905	134	44688836	18.00	18.05569	9.83763	14.58337	test_peak_842
XR	44689576	44689744	169	44689669	15.00	13.87560	8.08978	10.48923	test_peak_843
XR	44720251	44720385	135	44720332	20.00	8.01075	3.88880	4.88075	test_peak_844
XR	44774237	44774363	127	44774295	8.00	8.77865	6.16662	5.58053	test_peak_845
XR	44843878	44844013	136	44843973	13.00	9.20420	5.67558	5.97521	test_peak_846
XR	44949450	44949592	143	44949517	13.00	7.65169	4.73675	4.54932	test_peak_847
XR	44975433	44975572	140	44975517	16.00	8.95059	4.93539	5.74046	test_peak_848
XR	45202864	45202990	127	45202946	5.00	6.02060	4.57857	3.18147	test_peak_849
